2631706234
4675537030
2201461293
6303286023
4135530465
5284036609
4546416157
3969061900
4454776643
5780952052
2165167520
3141613710
6282238174
5125306992
4644565861
6314534232
3770043494
3288982557
2312499423
4203463494
6050912725
5953293910
5768094557
4250309549
3891815710
6216276043
4231994297
5790898585
5894930846
3755970939
5416482941
4530697058
5438290828
4171118475
3482442759
2908826713
5224625631
2965654379
5869166837
6033656384
4760881715
5267944364
5704809107
4270823513
4185825172
2941485624
5917669391
5815881423
5549561539
3394480163
6333176710
5293456802
5101519942
5893253637
2912886435
5363425711
4313798656
3061812272
2877502264
4352894194
6098448168
2543469938
4772303596
2247795283
3515919900
4724337441
2593704161
3903902128
2715700282
5325223403
2319879206
2735582616
2327754473
2865465820
5670856134
3038743098
5177077333
4396361845
6419784477
2216067704
3564560141
6217322415
5695229393
4049954514
5739867745
4076771104
2256880071
2190314274
3552663258
6241194589
3131577824
5180330420
4624621679
4355806776
2320156685
5857465975
3599372568
4262710216
6186789397
3185339973
5600549472
2518992041
2954757765
5903048246
5358964676
5382666918
2825781932
6210851982
4717503026
6050611357
4914789362
5315182579
5427662906
3919550814
2714242279
4298551832
5980556110
4296264468
5591144811
5821847627
4997564897
4121702198
5512891076
3979019532
3671759646
4184013012
2237061395
5563147884
4275129355
4417170237
5867587240
6392397961
5632961195
5320344947
4937973707
2406117275
2866140798
4217883182
2923866585
2163861373
5941932268
3370296841
4446622067
3756643202
2930531463
2842353914
4537923489
2667836052
3364224671
4600353225
4706333867
2340485223
4798125684
6064570299
6040255219
5842324973
5348318849
4889417239
5696828387
2502885751
5488428852
5374712881
4737325683
6009011360
2445455850
6115877286
4930045626
5410970083
3182768582
2451212701
2536575692
5877397213
3462594605
3585836937
6363603508
3357009223
4434012276
5808462364
4147259375
5284215892
6065810093
5497459361
2866899360
2187540615
3211684565
3927717530
2922118722
3380383332
5836037610
4724139015
5106996253
3271055061
3477477710
5326904353
3071419393
6141249061
4310246717
5741014075
6325786542
2778676340
3247157328
3749132900
2215898179
2291008677
3060063850
5728186626
4771295073
5684636658
5366611868
3070940858
2489727972
5074656313
5921408643
6357562115
2316030653
3106691732
5777416941
3274133011
4843146788
3982834866
3331401452
3720124273
2653039517
3896262935
2272374448
3022141402
2570433569
3391786072
4670859034
3708303049
5274171646
3602606692
4180219682
2241919935
4752528920
2580281912
4855584912
4756417490
3125751076
2210800996
5657584057
6064106813
3803643878
4546472580
5582765241
4549304133
4252790788
6340551448
3873086704
2974472024
3258679896
3666695395
3707289888
5158126899
2908977319
6087847731
3066733231
2480028127
5569001349
5580456325
3301200416
5037681631
3154715872
2879253595
5974345185
5004201998
2762559286
2601654499
6344887067
5506569222
3649961908
3932310222
3148365961
2781467285
2584692984
4587896127
3767408946
2446186086
5871680361
2755236075
6057849728
3775145609
2637761318
6091879670
2436029787
2537754101
4086812234
4066755201
4965794417
5664962682
5035535948
4392932040
3834866162
3232839234
3054798863
4789756735
3547240291
3301676218
2370146927
3329725118
3368188016
2324426385
3815609510
4914982317
4913546757
4929881457
5049655273
6231782982
6345915132
3315251342
4047935431
3192174107
4264811776
5860574203
5459396860
2224909288
2658202560
2149530167
6439062918
2400988109
2342295525
5200692571
3333239940
5745815631
6209820443
3767527970
4917870757
6136845525
4408603533
2562237638
6372431657
2167584109
6032058094
6412469999
4441441846
3557143959
6386750199
3774180369
5865163786
4661607684
5857143750
2492347101
5154947889
5958409246
5665900137
3581757059
5972877017
2879428287
4420593333
5755056136
5823116644
6192625832
6417883280
5004254419
2188608515
5840131982
6353048233
4130239360
4797954224
6170138823
4179892352
5994804023
2404402193
2990793077
4863496987
5205196531
6067236888
6044853290
3975916728
2227324786
5797239610
5363856396
3282071008
3122288345
6442123015
4701593454
2249108039
3909561685
3359135456
3475095657
6276314607
2995319650
4604604197
2954310008
3183477116
3618305578
2960143473
5926470418
2556746356
2740425312
3251712177
4777362939
4315711160
3050479411
6303349642
3816957832
2989580065
6255004706
5295369523
3838234781
4143386319
2642590104
4783449117
3770274085
5117068104
6138978628
4738314406
3567750560
3322884564
3529701774
2923764341
3195253358
3125148535
3200700911
2904456791
4984062432
5710798429
2769918864
4819433126
3009321931
5468241119
2463728126
4574554498
2887032121
5648187304
3859216819
6295764994
4451097495
2341997440
6325824939
5029988220
4472254830
4987769758
5128192534
5932491838
3467307389
3870613438
6126346490
3045907107
3362368058
2801099842
5324564518
4943121472
5760753393
5027703549
3142514866
3950819884
3623204067
5502216228
5782926373
5600767938
3763844159
4086104527
4074743128
5040275065
4014346766
5117956354
2447909831
3708826561
4640325501
3350566491
5355239560
5631515751
3106509154
2934275198
2278547364
2988357781
2739529012
3729094330
5984028660
2430158194
3837753972
5808731801
6033894616
4358944631
2216590436
4210683372
5765509159
6007404753
3046679863
3984630613
2281197649
6329291125
4183187960
4813143005
2201936628
3762472252
2301898583
4437541310
3076295088
4432345273
6044174882
3714526491
2441929948
4365475170
2550526193
5894729545
4224439210
4711930096
3269008982
5341134669
3703707079
2364776842
5822258431
3303752592
2582530724
3526353974
2770930733
2768276629
3994084024
2993322510
3699559431
2704118250
5055564268
5091931267
3905569212
5454558494
6211607841
4003148126
3013664666
5666015258
4971813783
4754585134
2313299853
6439290930
4677093820
4767574475
2200681085
3062357886
6002253007
4630081308
5422249895
4909067623
4397718632
5286120493
5272468898
3587617567
5555915964
3407231623
6167062286
4790421523
5676283190
2373355616
3426619978
5110032993
3650153536
5799129244
2776992447
5727161892
4321037130
5007109000
2441051867
3953619492
5318410316
5766646128
3639371524
5704518880
4072562659
5502432375
6296766662
2382414419
5954267736
6050091897
2683688879
2766069527
3518394116
4796539492
5492684096
2239181181
3116543871
4640918325
5076861330
3262054956
4388712036
6115641201
3244421210
5471507680
2373789286
3650386522
2629814774
4141490176
2201211826
4234473437
4871122749
2244288478
2519349033
2747005893
4694210585
3442414166
4019608975
2615066354
5892563123
3059323116
4180639114
6009694231
3630501450
6275357555
4875439495
4611611043
5123841050
2341992812
5415133632
6300499049
5858813200
4609785106
6358870620
2986113587
2729320243
5547723962
6187117118
4269264284
5968516696
3067661867
4456391594
4677860153
5156885843
2916642547
2958590241
6058335133
4760673223
3567158717
6251456351
4390278936
4469969104